
# Surface 0 of 1 surfaces

# Curve title: ""ef.dat" u 2:3:($4**2+$5**2+$6**2+$7**2) i 4595"
# IsoCurve 0, 100 points
# x y z type
 99  0  1.98565e-06 
 99  1  7.16399e-06 
 99  2  1.3627e-05 
 99  3  1.91713e-05 
 99  4  2.20364e-05 
 99  5  2.15627e-05 
 99  6  1.84206e-05 
 99  7  1.39067e-05 
 99  8  9.0357e-06 
 99  9  4.5803e-06 
 99  10  1.52524e-06 
 99  11  6.2225e-07 
 99  12  1.53288e-06 
 99  13  3.07665e-06 
 99  14  4.34141e-06 
 99  15  5.07847e-06 
 99  16  5.18111e-06 
 99  17  4.45334e-06 
 99  18  3.04662e-06 
 99  19  1.7342e-06 
 99  20  1.53891e-06 
 99  21  3.09418e-06 
 99  22  6.22625e-06 
 99  23  9.98918e-06 
 99  24  1.31934e-05 
 99  25  1.50987e-05 
 99  26  1.56695e-05 
 99  27  1.52158e-05 
 99  28  1.39457e-05 
 99  29  1.19511e-05 
 99  30  9.49314e-06 
 99  31  7.10389e-06 
 99  32  5.3669e-06 
 99  33  4.61834e-06 
 99  34  4.77433e-06 
 99  35  5.36642e-06 
 99  36  5.84684e-06 
 99  37  6.00467e-06 
 99  38  6.06393e-06 
 99  39  6.30536e-06 
 99  40  6.65078e-06 
 99  41  6.69877e-06 
 99  42  6.15485e-06 
 99  43  5.18672e-06 
 99  44  4.29774e-06 
 99  45  3.78372e-06 
 99  46  3.42507e-06 
 99  47  2.93249e-06 
 99  48  2.56571e-06 
 99  49  2.87642e-06 
 99  50  3.81559e-06 
 99  51  4.58062e-06 
 99  52  4.53057e-06 
 99  53  3.91296e-06 
 99  54  3.53186e-06 
 99  55  3.9323e-06 
 99  56  4.97358e-06 
 99  57  5.99983e-06 
 99  58  6.40016e-06 
 99  59  6.14959e-06 
 99  60  5.82643e-06 
 99  61  6.05512e-06 
 99  62  6.91148e-06 
 99  63  7.78803e-06 
 99  64  7.80586e-06 
 99  65  6.54322e-06 
 99  66  4.52976e-06 
 99  67  2.98802e-06 
 99  68  2.99685e-06 
 99  69  4.77909e-06 
 99  70  7.61201e-06 
 99  71  1.04277e-05 
 99  72  1.25981e-05 
 99  73  1.39309e-05 
 99  74  1.39233e-05 
 99  75  1.1895e-05 
 99  76  8.29856e-06 
 99  77  4.82368e-06 
 99  78  2.56526e-06 
 99  79  1.33563e-06 
 99  80  1.21212e-06 
 99  81  2.79433e-06 
 99  82  5.26927e-06 
 99  83  6.58592e-06 
 99  84  6.28578e-06 
 99  85  5.65165e-06 
 99  86  4.81876e-06 
 99  87  2.91367e-06 
 99  88  1.07033e-06 
 99  89  1.60103e-06 
 99  90  4.25391e-06 
 99  91  7.02347e-06 
 99  92  9.96295e-06 
 99  93  1.42228e-05 
 99  94  1.8564e-05 
 99  95  2.08119e-05 
 99  96  2.08667e-05 
 99  97  1.86761e-05 
 99  98  1.26297e-05 
 99  99  4.20045e-06 

# IsoCurve 1, 100 ponts
# x y z type
 98  0  5.0957e-06 
 98  1  1.81705e-05 
 98  2  3.40399e-05 
 98  3  4.71576e-05 
 98  4  5.34823e-05 
 98  5  5.19517e-05 
 98  6  4.47806e-05 
 98  7  3.50472e-05 
 98  8  2.41554e-05 
 98  9  1.30118e-05 
 98  10  4.45409e-06 
 98  11  1.71537e-06 
 98  12  4.65575e-06 
 98  13  9.78854e-06 
 98  14  1.39417e-05 
 98  15  1.60809e-05 
 98  16  1.59848e-05 
 98  17  1.33837e-05 
 98  18  8.97305e-06 
 98  19  5.0981e-06 
 98  20  4.75702e-06 
 98  21  9.80329e-06 
 98  22  1.95542e-05 
 98  23  3.0771e-05 
 98  24  3.95276e-05 
 98  25  4.37533e-05 
 98  26  4.40473e-05 
 98  27  4.2128e-05 
 98  28  3.89773e-05 
 98  29  3.46498e-05 
 98  30  2.92788e-05 
 98  31  2.36475e-05 
 98  32  1.88897e-05 
 98  33  1.59551e-05 
 98  34  1.51248e-05 
 98  35  1.56663e-05 
 98  36  1.62323e-05 
 98  37  1.60481e-05 
 98  38  1.55319e-05 
 98  39  1.54196e-05 
 98  40  1.55604e-05 
 98  41  1.50003e-05 
 98  42  1.32057e-05 
 98  43  1.09323e-05 
 98  44  9.58471e-06 
 98  45  9.49884e-06 
 98  46  9.32784e-06 
 98  47  7.99371e-06 
 98  48  6.81748e-06 
 98  49  8.15331e-06 
 98  50  1.18404e-05 
 98  51  1.4742e-05 
 98  52  1.43482e-05 
 98  53  1.15043e-05 
 98  54  9.12229e-06 
 98  55  9.2758e-06 
 98  56  1.18064e-05 
 98  57  1.48175e-05 
 98  58  1.62579e-05 
 98  59  1.56308e-05 
 98  60  1.44405e-05 
 98  61  1.48812e-05 
 98  62  1.78669e-05 
 98  63  2.18447e-05 
 98  64  2.35004e-05 
 98  65  2.052e-05 
 98  66  1.41872e-05 
 98  67  8.79967e-06 
 98  68  8.27977e-06 
 98  69  1.33957e-05 
 98  70  2.17233e-05 
 98  71  2.99155e-05 
 98  72  3.62052e-05 
 98  73  4.01804e-05 
 98  74  4.0192e-05 
 98  75  3.38747e-05 
 98  76  2.28191e-05 
 98  77  1.28948e-05 
 98  78  7.44733e-06 
 98  79  4.74601e-06 
 98  80  4.28102e-06 
 98  81  8.62342e-06 
 98  82  1.61121e-05 
 98  83  2.01396e-05 
 98  84  1.89761e-05 
 98  85  1.71592e-05 
 98  86  1.53018e-05 
 98  87  9.78337e-06 
 98  88  3.59041e-06 
 98  89  4.46967e-06 
 98  90  1.18226e-05 
 98  91  1.86302e-05 
 98  92  2.4722e-05 
 98  93  3.43819e-05 
 98  94  4.47588e-05 
 98  95  5.04208e-05 
 98  96  5.25525e-05 
 98  97  5.05916e-05 
 98  98  3.65437e-05 
 98  99  1.26297e-05 

# IsoCurve 2, 100 ponts
# x y z type
 97  0  5.3676e-06 
 97  1  1.85743e-05 
 97  2  3.34411e-05 
 97  3  4.44629e-05 
 97  4  4.85573e-05 
 97  5  4.60982e-05 
 97  6  4.07221e-05 
 97  7  3.51972e-05 
 97  8  2.79373e-05 
 97  9  1.69751e-05 
 97  10  6.0274e-06 
 97  11  1.9411e-06 
 97  12  6.50712e-06 
 97  13  1.483e-05 
 97  14  2.1392e-05 
 97  15  2.41611e-05 
 97  16  2.31859e-05 
 97  17  1.88203e-05 
 97  18  1.23968e-05 
 97  19  7.07154e-06 
 97  20  7.00912e-06 
 97  21  1.50666e-05 
 97  22  3.00482e-05 
 97  23  4.61394e-05 
 97  24  5.65428e-05 
 97  25  5.86127e-05 
 97  26  5.51458e-05 
 97  27  5.07804e-05 
 97  28  4.79696e-05 
 97  29  4.63248e-05 
 97  30  4.4361e-05 
 97  31  4.08874e-05 
 97  32  3.55748e-05 
 97  33  2.94441e-05 
 97  34  2.45032e-05 
 97  35  2.19001e-05 
 97  36  2.06921e-05 
 97  37  1.92092e-05 
 97  38  1.70727e-05 
 97  39  1.49604e-05 
 97  40  1.30164e-05 
 97  41  1.06998e-05 
 97  42  8.18841e-06 
 97  43  7.07238e-06 
 97  44  8.84094e-06 
 97  45  1.23323e-05 
 97  46  1.38145e-05 
 97  47  1.14587e-05 
 97  48  8.98712e-06 
 97  49  1.18492e-05 
 97  50  1.96416e-05 
 97  51  2.56389e-05 
 97  52  2.46006e-05 
 97  53  1.81614e-05 
 97  54  1.18921e-05 
 97  55  9.75109e-06 
 97  56  1.19993e-05 
 97  57  1.60969e-05 
 97  58  1.86419e-05 
 97  59  1.78038e-05 
 97  60  1.50016e-05 
 97  61  1.4298e-05 
 97  62  1.92682e-05 
 97  63  2.88011e-05 
 97  64  3.60648e-05 
 97  65  3.41637e-05 
 97  66  2.37432e-05 
 97  67  1.30579e-05 
 97  68  1.01377e-05 
 97  69  1.64876e-05 
 97  70  2.78158e-05 
 97  71  3.8867e-05 
 97  72  4.7349e-05 
 97  73  5.29929e-05 
 97  74  5.30224e-05 
 97  75  4.32331e-05 
 97  76  2.65995e-05 
 97  77  1.38519e-05 
 97  78  1.00557e-05 
 97  79  9.25613e-06 
 97  80  8.17011e-06 
 97  81  1.25879e-05 
 97  82  2.28476e-05 
 97  83  2.85378e-05 
 97  84  2.59333e-05 
 97  85  2.33946e-05 
 97  86  2.28255e-05 
 97  87  1.62884e-05 
 97  88  6.13665e-06 
 97  89  5.28759e-06 
 97  90  1.4046e-05 
 97  91  2.05266e-05 
 97  92  2.35591e-05 
 97  93  3.08041e-05 
 97  94  3.98512e-05 
 97  95  4.54861e-05 
 97  96  5.32502e-05 
 97  97  6.14259e-05 
 97  98  5.05916e-05 
 97  99  1.86761e-05 

# IsoCurve 3, 100 ponts
# x y z type
 96  0  3.23261e-06 
 96  1  1.03865e-05 
 96  2  1.68795e-05 
 96  3  2.00692e-05 
 96  4  1.94709e-05 
 96  5  1.68428e-05 
 96  6  1.62245e-05 
 96  7  1.92076e-05 
 96  8  2.07491e-05 
 96  9  1.51981e-05 
 96  10  5.60793e-06 
 96  11  1.12947e-06 
 96  12  5.69139e-06 
 96  13  1.4531e-05 
 96  14  2.12797e-05 
 96  15  2.3669e-05 
 96  16  2.24053e-05 
 96  17  1.84354e-05 
 96  18  1.26765e-05 
 96  19  7.41462e-06 
 96  20  7.09437e-06 
 96  21  1.59705e-05 
 96  22  3.3029e-05 
 96  23  5.01874e-05 
 96  24  5.81452e-05 
 96  25  5.44853e-05 
 96  26  4.5019e-05 
 96  27  3.77563e-05 
 96  28  3.6878e-05 
 96  29  4.16732e-05 
 96  30  4.85164e-05 
 96  31  5.26416e-05 
 96  32  5.01534e-05 
 96  33  4.10885e-05 
 96  34  3.02752e-05 
 96  35  2.31197e-05 
 96  36  2.05078e-05 
 96  37  1.91844e-05 
 96  38  1.63146e-05 
 96  39  1.17725e-05 
 96  40  6.73916e-06 
 96  41  2.43716e-06 
 96  42  5.28119e-07 
 96  43  3.02221e-06 
 96  44  1.01629e-05 
 96  45  1.80294e-05 
 96  46  2.02738e-05 
 96  47  1.52364e-05 
 96  48  1.02851e-05 
 96  49  1.44748e-05 
 96  50  2.66699e-05 
 96  51  3.5893e-05 
 96  52  3.42281e-05 
 96  53  2.45919e-05 
 96  54  1.51377e-05 
 96  55  1.09584e-05 
 96  56  1.23693e-05 
 96  57  1.6844e-05 
 96  58  2.04291e-05 
 96  59  1.95712e-05 
 96  60  1.41951e-05 
 96  61  9.79351e-06 
 96  62  1.44976e-05 
 96  63  3.01043e-05 
 96  64  4.6084e-05 
 96  65  4.80309e-05 
 96  66  3.37355e-05 
 96  67  1.59011e-05 
 96  68  7.95008e-06 
 96  69  1.22956e-05 
 96  70  2.2796e-05 
 96  71  3.31523e-05 
 96  72  4.12691e-05 
 96  73  4.70937e-05 
 96  74  4.71196e-05 
 96  75  3.5949e-05 
 96  76  1.76809e-05 
 96  77  7.01646e-06 
 96  78  9.92775e-06 
 96  79  1.45207e-05 
 96  80  1.22858e-05 
 96  81  1.23514e-05 
 96  82  2.07805e-05 
 96  83  2.61306e-05 
 96  84  2.15869e-05 
 96  85  1.82602e-05 
 96  86  2.11883e-05 
 96  87  1.85167e-05 
 96  88  7.71272e-06 
 96  89  3.35776e-06 
 96  90  9.10639e-06 
 96  91  1.23002e-05 
 96  92  1.03463e-05 
 96  93  1.16739e-05 
 96  94  1.49141e-05 
 96  95  1.7846e-05 
 96  96  3.15304e-05 
 96  97  5.32502e-05 
 96  98  5.25525e-05 
 96  99  2.08667e-05 

# IsoCurve 4, 100 ponts
# x y z type
 95  0  1.25689e-06 
 95  1  3.3869e-06 
 95  2  4.27878e-06 
 95  3  3.93132e-06 
 95  4  2.62314e-06 
 95  5  9.68097e-07 
 95  6  2.08396e-06 
 95  7  7.84054e-06 
 95  8  1.33495e-05 
 95  9  1.18983e-05 
 95  10  4.9209e-06 
 95  11  6.19131e-07 
 95  12  3.24154e-06 
 95  13  9.37881e-06 
 95  14  1.42118e-05 
 95  15  1.6543e-05 
 95  16  1.74573e-05 
 95  17  1.70811e-05 
 95  18  1.4033e-05 
 95  19  8.58926e-06 
 95  20  5.99005e-06 
 95  21  1.33007e-05 
 95  22  3.05758e-05 
 95  23  4.77357e-05 
 95  24  5.33391e-05 
 95  25  4.53298e-05 
 95  26  3.1582e-05 
 95  27  2.18766e-05 
 95  28  2.13715e-05 
 95  29  2.98633e-05 
 95  30  4.32766e-05 
 95  31  5.4489e-05 
 95  32  5.59723e-05 
 95  33  4.5914e-05 
 95  34  3.1625e-05 
 95  35  2.33394e-05 
 95  36  2.39516e-05 
 95  37  2.73803e-05 
 95  38  2.66789e-05 
 95  39  2.05692e-05 
 95  40  1.23151e-05 
 95  41  5.90822e-06 
 95  42  4.43749e-06 
 95  43  9.52166e-06 
 95  44  1.96121e-05 
 95  45  2.84814e-05 
 95  46  2.8404e-05 
 95  47  1.88788e-05 
 95  48  1.08133e-05 
 95  49  1.59099e-05 
 95  50  3.1529e-05 
 95  51  4.26704e-05 
 95  52  3.98553e-05 
 95  53  2.83107e-05 
 95  54  1.86997e-05 
 95  55  1.60161e-05 
 95  56  1.92887e-05 
 95  57  2.57043e-05 
 95  58  3.15004e-05 
 95  59  3.18831e-05 
 95  60  2.43825e-05 
 95  61  1.45292e-05 
 95  62  1.53732e-05 
 95  63  3.39972e-05 
 95  64  5.777e-05 
 95  65  6.36931e-05 
 95  66  4.49535e-05 
 95  67  1.87845e-05 
 95  68  4.90156e-06 
 95  69  6.39481e-06 
 95  70  1.47319e-05 
 95  71  2.30523e-05 
 95  72  2.99525e-05 
 95  73  3.54235e-05 
 95  74  3.5754e-05 
 95  75  2.53094e-05 
 95  76  8.30039e-06 
 95  77  1.12404e-06 
 95  78  1.05817e-05 
 95  79  2.03747e-05 
 95  80  1.62904e-05 
 95  81  9.52961e-06 
 95  82  1.37022e-05 
 95  83  1.87493e-05 
 95  84  1.2825e-05 
 95  85  6.91872e-06 
 95  86  1.17234e-05 
 95  87  1.54687e-05 
 95  88  8.33892e-06 
 95  89  1.3613e-06 
 95  90  2.59208e-06 
 95  91  3.78056e-06 
 95  92  1.45506e-06 
 95  93  1.28283e-06 
 95  94  1.46416e-06 
 95  95  2.24346e-06 
 95  96  1.7846e-05 
 95  97  4.54861e-05 
 95  98  5.04208e-05 
 95  99  2.08119e-05 

# IsoCurve 5, 100 ponts
# x y z type
 94  0  3.04008e-07 
 94  1  4.26113e-07 
 94  2  1.86708e-07 
 94  3  8.85584e-07 
 94  4  1.95892e-06 
 94  5  1.68428e-06 
 94  6  1.85296e-06 
 94  7  5.54263e-06 
 94  8  1.03608e-05 
 94  9  1.06372e-05 
 94  10  6.01765e-06 
 94  11  1.78795e-06 
 94  12  1.34215e-06 
 94  13  3.42308e-06 
 94  14  6.11663e-06 
 94  15  9.62359e-06 
 94  16  1.46376e-05 
 94  17  1.92765e-05 
 94  18  1.89606e-05 
 94  19  1.20218e-05 
 94  20  5.41132e-06 
 94  21  9.68635e-06 
 94  22  2.60289e-05 
 94  23  4.28111e-05 
 94  24  4.76068e-05 
 94  25  3.89838e-05 
 94  26  2.50161e-05 
 94  27  1.44677e-05 
 94  28  1.19286e-05 
 94  29  1.83007e-05 
 94  30  3.13847e-05 
 94  31  4.46484e-05 
 94  32  4.88535e-05 
 94  33  4.01455e-05 
 94  34  2.67685e-05 
 94  35  2.24147e-05 
 94  36  3.1058e-05 
 94  37  4.27404e-05 
 94  38  4.56361e-05 
 94  39  3.77101e-05 
 94  40  2.54155e-05 
 94  41  1.59531e-05 
 94  42  1.32602e-05 
 94  43  1.80185e-05 
 94  44  2.74235e-05 
 94  45  3.44761e-05 
 94  46  3.13995e-05 
 94  47  1.86509e-05 
 94  48  8.94222e-06 
 94  49  1.49029e-05 
 94  50  3.21636e-05 
 94  51  4.28428e-05 
 94  52  3.72123e-05 
 94  53  2.34952e-05 
 94  54  1.48873e-05 
 94  55  1.57891e-05 
 94  56  2.31017e-05 
 94  57  3.31097e-05 
 94  58  4.25924e-05 
 94  59  4.64893e-05 
 94  60  3.97395e-05 
 94  61  2.56486e-05 
 94  62  2.01301e-05 
 94  63  3.67232e-05 
 94  64  6.42491e-05 
 94  65  7.32381e-05 
 94  66  5.16647e-05 
 94  67  2.00447e-05 
 94  68  3.54765e-06 
 94  69  4.6559e-06 
 94  70  1.13401e-05 
 94  71  1.67474e-05 
 94  72  2.14806e-05 
 94  73  2.60882e-05 
 94  74  2.72401e-05 
 94  75  1.98829e-05 
 94  76  6.77866e-06 
 94  77  2.49566e-06 
 94  78  1.44053e-05 
 94  79  2.58888e-05 
 94  80  1.94549e-05 
 94  81  6.76713e-06 
 94  82  8.27098e-06 
 94  83  1.64946e-05 
 94  84  1.23013e-05 
 94  85  1.86062e-06 
 94  86  2.71504e-06 
 94  87  1.00423e-05 
 94  88  9.14523e-06 
 94  89  3.04486e-06 
 94  90  1.35056e-06 
 94  91  2.0613e-06 
 94  92  1.8731e-06 
 94  93  2.61219e-06 
 94  94  1.93221e-06 
 94  95  1.46416e-06 
 94  96  1.49141e-05 
 94  97  3.98512e-05 
 94  98  4.47588e-05 
 94  99  1.8564e-05 

# IsoCurve 6, 100 ponts
# x y z type
 93  0  5.2703e-07 
 93  1  1.26573e-06 
 93  2  1.80665e-06 
 93  3  3.05145e-06 
 93  4  4.14551e-06 
 93  5  3.37391e-06 
 93  6  2.72672e-06 
 93  7  5.70882e-06 
 93  8  1.0695e-05 
 93  9  1.23768e-05 
 93  10  9.27651e-06 
 93  11  4.85135e-06 
 93  12  2.26769e-06 
 93  13  2.02206e-06 
 93  14  3.78314e-06 
 93  15  8.0273e-06 
 93  16  1.52535e-05 
 93  17  2.2861e-05 
 93  18  2.42933e-05 
 93  19  1.62219e-05 
 93  20  6.40144e-06 
 93  21  7.2863e-06 
 93  22  2.04542e-05 
 93  23  3.41417e-05 
 93  24  3.73894e-05 
 93  25  3.02443e-05 
 93  26  1.94492e-05 
 93  27  1.05891e-05 
 93  28  6.39544e-06 
 93  29  8.45153e-06 
 93  30  1.69894e-05 
 93  31  2.80608e-05 
 93  32  3.3087e-05 
 93  33  2.6728e-05 
 93  34  1.64726e-05 
 93  35  1.73981e-05 
 93  36  3.3688e-05 
 93  37  5.18121e-05 
 93  38  5.60079e-05 
 93  39  4.46193e-05 
 93  40  2.78916e-05 
 93  41  1.58107e-05 
 93  42  1.23073e-05 
 93  43  1.69029e-05 
 93  44  2.62307e-05 
 93  45  3.34485e-05 
 93  46  3.08539e-05 
 93  47  1.85924e-05 
 93  48  9.25413e-06 
 93  49  1.56033e-05 
 93  50  3.26802e-05 
 93  51  4.13864e-05 
 93  52  3.20705e-05 
 93  53  1.49629e-05 
 93  54  5.04231e-06 
 93  55  6.48454e-06 
 93  56  1.48792e-05 
 93  57  2.60012e-05 
 93  58  3.75501e-05 
 93  59  4.53386e-05 
 93  60  4.2443e-05 
 93  61  2.79313e-05 
 93  62  1.66768e-05 
 93  63  2.75272e-05 
 93  64  5.45558e-05 
 93  65  6.64959e-05 
 93  66  4.69024e-05 
 93  67  1.7033e-05 
 93  68  4.67295e-06 
 93  69  9.49268e-06 
 93  70  1.47545e-05 
 93  71  1.46806e-05 
 93  72  1.44465e-05 
 93  73  1.65621e-05 
 93  74  1.82725e-05 
 93  75  1.56025e-05 
 93  76  9.12989e-06 
 93  77  8.35213e-06 
 93  78  1.96519e-05 
 93  79  2.95407e-05 
 93  80  2.09202e-05 
 93  81  4.88824e-06 
 93  82  6.79072e-06 
 93  83  2.28181e-05 
 93  84  2.59253e-05 
 93  85  1.21529e-05 
 93  86  3.44504e-06 
 93  87  7.8019e-06 
 93  88  1.22325e-05 
 93  89  1.06052e-05 
 93  90  8.67194e-06 
 93  91  8.23506e-06 
 93  92  7.16824e-06 
 93  93  5.54537e-06 
 93  94  2.61219e-06 
 93  95  1.28283e-06 
 93  96  1.16739e-05 
 93  97  3.08041e-05 
 93  98  3.43819e-05 
 93  99  1.42228e-05 

# IsoCurve 7, 100 ponts
# x y z type
 92  0  2.19548e-06 
 92  1  6.67988e-06 
 92  2  1.00251e-05 
 92  3  1.06542e-05 
 92  4  8.19885e-06 
 92  5  4.01776e-06 
 92  6  2.46375e-06 
 92  7  6.57761e-06 
 92  8  1.29771e-05 
 92  9  1.55882e-05 
 92  10  1.31677e-05 
 92  11  9.47157e-06 
 92  12  7.84817e-06 
 92  13  8.43143e-06 
 92  14  9.5536e-06 
 92  15  1.0992e-05 
 92  16  1.51123e-05 
 92  17  2.20443e-05 
 92  18  2.53305e-05 
 92  19  1.91693e-05 
 92  20  9.13002e-06 
 92  21  6.79941e-06 
 92  22  1.39391e-05 
 92  23  2.10151e-05 
 92  24  2.09573e-05 
 92  25  1.56469e-05 
 92  26  9.52531e-06 
 92  27  4.55394e-06 
 92  28  1.51784e-06 
 92  29  1.57265e-06 
 92  30  5.83439e-06 
 92  31  1.31054e-05 
 92  32  1.74557e-05 
 92  33  1.33025e-05 
 92  34  6.21894e-06 
 92  35  1.05717e-05 
 92  36  3.02137e-05 
 92  37  4.97214e-05 
 92  38  5.18716e-05 
 92  39  3.67577e-05 
 92  40  1.78697e-05 
 92  41  6.39163e-06 
 92  42  5.19843e-06 
 92  43  1.26837e-05 
 92  44  2.52894e-05 
 92  45  3.62842e-05 
 92  46  3.74243e-05 
 92  47  2.75042e-05 
 92  48  1.82081e-05 
 92  49  2.30678e-05 
 92  50  3.86219e-05 
 92  51  4.61555e-05 
 92  52  3.53583e-05 
 92  53  1.60113e-05 
 92  54  3.02341e-06 
 92  55  5.56434e-07 
 92  56  4.51047e-06 
 92  57  1.14719e-05 
 92  58  2.05474e-05 
 92  59  2.93786e-05 
 92  60  3.09382e-05 
 92  61  1.98822e-05 
 92  62  6.14123e-06 
 92  63  1.01179e-05 
 92  64  3.27144e-05 
 92  65  4.60976e-05 
 92  66  3.18838e-05 
 92  67  9.96425e-06 
 92  68  7.6427e-06 
 92  69  1.98855e-05 
 92  70  2.42405e-05 
 92  71  1.66166e-05 
 92  72  9.087e-06 
 92  73  7.34941e-06 
 92  74  8.26909e-06 
 92  75  8.78683e-06 
 92  76  8.6968e-06 
 92  77  1.21217e-05 
 92  78  2.25614e-05 
 92  79  3.02242e-05 
 92  80  2.06292e-05 
 92  81  3.45916e-06 
 92  82  6.67353e-06 
 92  83  3.18578e-05 
 92  84  4.70069e-05 
 92  85  3.50403e-05 
 92  86  1.6411e-05 
 92  87  1.26682e-05 
 92  88  1.91518e-05 
 92  89  2.32084e-05 
 92  90  2.26771e-05 
 92  91  1.94964e-05 
 92  92  1.38465e-05 
 92  93  7.16824e-06 
 92  94  1.8731e-06 
 92  95  1.45506e-06 
 92  96  1.03463e-05 
 92  97  2.35591e-05 
 92  98  2.4722e-05 
 92  99  9.96295e-06 

# IsoCurve 8, 100 ponts
# x y z type
 91  0  3.83851e-06 
 91  1  1.21084e-05 
 91  2  1.84847e-05 
 91  3  1.88246e-05 
 91  4  1.31517e-05 
 91  5  5.91069e-06 
 91  6  3.62417e-06 
 91  7  8.40099e-06 
 91  8  1.49819e-05 
 91  9  1.73266e-05 
 91  10  1.57122e-05 
 91  11  1.47288e-05 
 91  12  1.68552e-05 
 91  13  1.97664e-05 
 91  14  1.89446e-05 
 91  15  1.38634e-05 
 91  16  1.09286e-05 
 91  17  1.54476e-05 
 91  18  2.1981e-05 
 91  19  2.087e-05 
 91  20  1.29548e-05 
 91  21  7.62834e-06 
 91  22  7.89591e-06 
 91  23  8.31535e-06 
 91  24  5.97831e-06 
 91  25  3.31312e-06 
 91  26  1.88704e-06 
 91  27  1.19254e-06 
 91  28  1.12132e-06 
 91  29  1.43626e-06 
 91  30  2.12918e-06 
 91  31  4.33384e-06 
 91  32  6.55702e-06 
 91  33  4.65148e-06 
 91  34  1.64725e-06 
 91  35  9.06839e-06 
 91  36  2.9595e-05 
 91  37  4.76824e-05 
 91  38  4.72713e-05 
 91  39  3.08888e-05 
 91  40  1.34119e-05 
 91  41  4.93244e-06 
 91  42  6.64793e-06 
 91  43  1.66551e-05 
 91  44  3.19736e-05 
 91  45  4.6124e-05 
 91  46  5.02095e-05 
 91  47  4.14036e-05 
 91  48  3.0204e-05 
 91  49  3.14616e-05 
 91  50  4.47965e-05 
 91  51  5.30136e-05 
 91  52  4.44763e-05 
 91  53  2.6628e-05 
 91  54  1.27458e-05 
 91  55  6.60975e-06 
 91  56  5.14076e-06 
 91  57  6.51657e-06 
 91  58  1.11292e-05 
 91  59  1.8428e-05 
 91  60  2.31726e-05 
 91  61  1.77191e-05 
 91  62  5.28027e-06 
 91  63  3.02032e-06 
 91  64  1.71645e-05 
 91  65  2.71443e-05 
 91  66  1.62536e-05 
 91  67  2.60839e-06 
 91  68  1.1505e-05 
 91  69  3.30932e-05 
 91  70  3.8842e-05 
 91  71  2.53544e-05 
 91  72  1.18619e-05 
 91  73  7.548e-06 
 91  74  6.90376e-06 
 91  75  6.2709e-06 
 91  76  7.20346e-06 
 91  77  1.1988e-05 
 91  78  2.13533e-05 
 91  79  2.78319e-05 
 91  80  1.94078e-05 
 91  81  2.89145e-06 
 91  82  5.7494e-06 
 91  83  3.60245e-05 
 91  84  6.26831e-05 
 91  85  5.74861e-05 
 91  86  3.36222e-05 
 91  87  2.14015e-05 
 91  88  2.72078e-05 
 91  89  3.61619e-05 
 91  90  3.74737e-05 
 91  91  3.08079e-05 
 91  92  1.94964e-05 
 91  93  8.23506e-06 
 91  94  2.0613e-06 
 91  95  3.78056e-06 
 91  96  1.23002e-05 
 91  97  2.05266e-05 
 91  98  1.86302e-05 
 91  99  7.02347e-06 

# IsoCurve 9, 100 ponts
# x y z type
 90  0  3.5571e-06 
 90  1  1.13634e-05 
 90  2  1.75867e-05 
 90  3  1.80781e-05 
 90  4  1.28941e-05 
 90  5  6.67846e-06 
 90  6  5.32498e-06 
 90  7  9.62517e-06 
 90  8  1.43042e-05 
 90  9  1.53116e-05 
 90  10  1.47687e-05 
 90  11  1.70096e-05 
 90  12  2.26835e-05 
 90  13  2.72884e-05 
 90  14  2.45111e-05 
 90  15  1.39519e-05 
 90  16  5.36596e-06 
 90  17  8.3986e-06 
 90  18  1.84829e-05 
 90  19  2.23156e-05 
 90  20  1.63147e-05 
 90  21  8.63848e-06 
 90  22  4.83847e-06 
 90  23  3.35462e-06 
 90  24  3.03432e-06 
 90  25  4.52593e-06 
 90  26  6.71998e-06 
 90  27  8.69973e-06 
 90  28  1.08185e-05 
 90  29  1.10117e-05 
 90  30  7.07934e-06 
 90  31  2.35457e-06 
 90  32  9.17978e-07 
 90  33  1.27127e-06 
 90  34  3.66689e-06 
 90  35  1.52333e-05 
 90  36  3.66491e-05 
 90  37  5.34304e-05 
 90  38  5.22733e-05 
 90  39  3.76177e-05 
 90  40  2.3189e-05 
 90  41  1.6067e-05 
 90  42  1.61477e-05 
 90  43  2.29016e-05 
 90  44  3.53202e-05 
 90  45  4.8153e-05 
 90  46  5.26439e-05 
 90  47  4.42774e-05 
 90  48  3.11994e-05 
 90  49  2.86547e-05 
 90  50  3.96635e-05 
 90  51  4.92164e-05 
 90  52  4.44187e-05 
 90  53  3.0382e-05 
 90  54  1.90273e-05 
 90  55  1.35614e-05 
 90  56  1.12321e-05 
 90  57  1.1259e-05 
 90  58  1.4459e-05 
 90  59  2.08754e-05 
 90  60  2.77336e-05 
 90  61  2.82175e-05 
 90  62  2.01295e-05 
 90  63  1.41543e-05 
 90  64  1.85049e-05 
 90  65  2.10204e-05 
 90  66  9.37953e-06 
 90  67  1.13586e-07 
 90  68  1.6482e-05 
 90  69  4.61664e-05 
 90  70  5.5898e-05 
 90  71  4.08224e-05 
 90  72  2.52779e-05 
 90  73  2.19453e-05 
 90  74  2.15777e-05 
 90  75  1.69683e-05 
 90  76  1.20722e-05 
 90  77  1.20225e-05 
 90  78  1.76515e-05 
 90  79  2.31025e-05 
 90  80  1.78532e-05 
 90  81  4.30729e-06 
 90  82  5.44737e-06 
 90  83  3.40979e-05 
 90  84  6.56817e-05 
 90  85  6.71288e-05 
 90  86  4.24872e-05 
 90  87  2.4198e-05 
 90  88  2.81907e-05 
 90  89  4.11465e-05 
 90  90  4.55393e-05 
 90  91  3.74737e-05 
 90  92  2.26771e-05 
 90  93  8.67194e-06 
 90  94  1.35056e-06 
 90  95  2.59208e-06 
 90  96  9.10639e-06 
 90  97  1.4046e-05 
 90  98  1.18226e-05 
 90  99  4.25391e-06 

# IsoCurve 10, 100 ponts
# x y z type
 89  0  2.7104e-06 
 89  1  8.88742e-06 
 89  2  1.45097e-05 
 89  3  1.64467e-05 
 89  4  1.41262e-05 
 89  5  1.02164e-05 
 89  6  8.51784e-06 
 89  7  9.44433e-06 
 89  8  9.89364e-06 
 89  9  8.67858e-06 
 89  10  8.58511e-06 
 89  11  1.231e-05 
 89  12  1.92512e-05 
 89  13  2.52252e-05 
 89  14  2.399e-05 
 89  15  1.39793e-05 
 89  16  4.51082e-06 
 89  17  6.84687e-06 
 89  18  1.7943e-05 
 89  19  2.35403e-05 
 89  20  1.79784e-05 
 89  21  9.4511e-06 
 89  22  6.04645e-06 
 89  23  8.08996e-06 
 89  24  1.30513e-05 
 89  25  1.83534e-05 
 89  26  2.16326e-05 
 89  27  2.37466e-05 
 89  28  2.6404e-05 
 89  29  2.57009e-05 
 89  30  1.71575e-05 
 89  31  5.86011e-06 
 89  32  6.53583e-07 
 89  33  2.27218e-06 
 89  34  8.27354e-06 
 89  35  2.15612e-05 
 89  36  4.14267e-05 
 89  37  5.57482e-05 
 89  38  5.46416e-05 
 89  39  4.31809e-05 
 89  40  3.17953e-05 
 89  41  2.3759e-05 
 89  42  1.85267e-05 
 89  43  1.795e-05 
 89  44  2.35403e-05 
 89  45  3.22253e-05 
 89  46  3.67213e-05 
 89  47  3.08943e-05 
 89  48  1.87266e-05 
 89  49  1.40338e-05 
 89  50  2.30142e-05 
 89  51  3.33459e-05 
 89  52  3.10573e-05 
 89  53  1.96577e-05 
 89  54  1.12748e-05 
 89  55  9.06218e-06 
 89  56  9.36826e-06 
 89  57  1.13641e-05 
 89  58  1.59205e-05 
 89  59  2.25698e-05 
 89  60  3.02052e-05 
 89  61  3.50718e-05 
 89  62  3.29539e-05 
 89  63  2.78207e-05 
 89  64  2.66034e-05 
 89  65  2.38725e-05 
 89  66  1.1679e-05 
 89  67  3.86672e-06 
 89  68  2.16601e-05 
 89  69  5.43955e-05 
 89  70  6.78941e-05 
 89  71  5.40822e-05 
 89  72  3.88812e-05 
 89  73  3.89537e-05 
 89  74  4.27076e-05 
 89  75  3.67911e-05 
 89  76  2.45855e-05 
 89  77  1.573e-05 
 89  78  1.45155e-05 
 89  79  1.75572e-05 
 89  80  1.58397e-05 
 89  81  7.41461e-06 
 89  82  7.8066e-06 
 89  83  3.05035e-05 
 89  84  5.92077e-05 
 89  85  6.28811e-05 
 89  86  3.86151e-05 
 89  87  1.59704e-05 
 89  88  1.68458e-05 
 89  89  3.2147e-05 
 89  90  4.11465e-05 
 89  91  3.61619e-05 
 89  92  2.32084e-05 
 89  93  1.06052e-05 
 89  94  3.04486e-06 
 89  95  1.3613e-06 
 89  96  3.35776e-06 
 89  97  5.28759e-06 
 89  98  4.46967e-06 
 89  99  1.60103e-06 

# IsoCurve 11, 100 ponts
# x y z type
 88  0  4.03098e-06 
 88  1  1.34284e-05 
 88  2  2.25977e-05 
 88  3  2.70227e-05 
 88  4  2.50995e-05 
 88  5  1.86659e-05 
 88  6  1.16255e-05 
 88  7  6.38213e-06 
 88  8  2.8199e-06 
 88  9  1.00161e-06 
 88  10  1.8598e-06 
 88  11  5.54462e-06 
 88  12  1.18213e-05 
 88  13  1.95012e-05 
 88  14  2.34904e-05 
 88  15  1.89661e-05 
 88  16  1.11048e-05 
 88  17  1.11561e-05 
 88  18  1.96293e-05 
 88  19  2.45102e-05 
 88  20  1.93485e-05 
 88  21  1.15913e-05 
 88  22  1.03539e-05 
 88  23  1.61951e-05 
 88  24  2.41521e-05 
 88  25  2.92418e-05 
 88  26  3.00357e-05 
 88  27  3.04609e-05 
 88  28  3.34424e-05 
 88  29  3.32669e-05 
 88  30  2.35222e-05 
 88  31  9.92973e-06 
 88  32  3.43003e-06 
 88  33  5.09073e-06 
 88  34  1.00761e-05 
 88  35  1.88763e-05 
 88  36  3.16354e-05 
 88  37  4.03429e-05 
 88  38  3.87205e-05 
 88  39  3.11862e-05 
 88  40  2.39247e-05 
 88  41  1.68791e-05 
 88  42  9.5866e-06 
 88  43  5.25907e-06 
 88  44  6.26137e-06 
 88  45  1.15768e-05 
 88  46  1.70062e-05 
 88  47  1.58839e-05 
 88  48  7.11301e-06 
 88  49  1.63367e-06 
 88  50  8.81054e-06 
 88  51  1.9728e-05 
 88  52  1.91527e-05 
 88  53  8.63656e-06 
 88  54  1.34264e-06 
 88  55  1.089e-06 
 88  56  2.48993e-06 
 88  57  4.03558e-06 
 88  58  7.65208e-06 
 88  59  1.27211e-05 
 88  60  1.8347e-05 
 88  61  2.39679e-05 
 88  62  2.66596e-05 
 88  63  2.58804e-05 
 88  64  2.54223e-05 
 88  65  2.35871e-05 
 88  66  1.48949e-05 
 88  67  8.35453e-06 
 88  68  2.22196e-05 
 88  69  5.13009e-05 
 88  70  6.57237e-05 
 88  71  5.36175e-05 
 88  72  3.80519e-05 
 88  73  3.9866e-05 
 88  74  4.9722e-05 
 88  75  4.88453e-05 
 88  76  3.56076e-05 
 88  77  2.12076e-05 
 88  78  1.39813e-05 
 88  79  1.37392e-05 
 88  80  1.37983e-05 
 88  81  1.01939e-05 
 88  82  1.1441e-05 
 88  83  2.82318e-05 
 88  84  5.0846e-05 
 88  85  5.41585e-05 
 88  86  3.15814e-05 
 88  87  6.73969e-06 
 88  88  3.10236e-06 
 88  89  1.68458e-05 
 88  90  2.81907e-05 
 88  91  2.72078e-05 
 88  92  1.91518e-05 
 88  93  1.22325e-05 
 88  94  9.14523e-06 
 88  95  8.33892e-06 
 88  96  7.71272e-06 
 88  97  6.13665e-06 
 88  98  3.59041e-06 
 88  99  1.07033e-06 

# IsoCurve 12, 100 ponts
# x y z type
 87  0  6.61666e-06 
 87  1  2.13565e-05 
 87  2  3.40154e-05 
 87  3  3.76725e-05 
 87  4  3.15737e-05 
 87  5  1.97602e-05 
 87  6  8.41562e-06 
 87  7  2.07046e-06 
 87  8  1.42061e-06 
 87  9  4.51433e-06 
 87  10  8.37964e-06 
 87  11  1.09762e-05 
 87  12  1.42257e-05 
 87  13  2.15473e-05 
 87  14  2.95914e-05 
 87  15  2.96835e-05 
 87  16  2.17531e-05 
 87  17  1.70345e-05 
 87  18  2.12884e-05 
 87  19  2.61763e-05 
 87  20  2.34514e-05 
 87  21  1.71038e-05 
 87  22  1.54178e-05 
 87  23  1.94778e-05 
 87  24  2.39298e-05 
 87  25  2.40356e-05 
 87  26  2.08298e-05 
 87  27  2.05669e-05 
 87  28  2.57086e-05 
 87  29  2.84132e-05 
 87  30  2.1061e-05 
 87  31  9.48857e-06 
 87  32  4.67813e-06 
 87  33  6.53954e-06 
 87  34  8.17593e-06 
 87  35  9.21573e-06 
 87  36  1.24139e-05 
 87  37  1.48546e-05 
 87  38  1.33829e-05 
 87  39  1.07302e-05 
 87  40  9.15299e-06 
 87  41  6.8338e-06 
 87  42  3.79565e-06 
 87  43  2.4988e-06 
 87  44  3.20114e-06 
 87  45  5.83989e-06 
 87  46  1.08913e-05 
 87  47  1.3566e-05 
 87  48  8.35202e-06 
 87  49  2.18918e-06 
 87  50  7.12271e-06 
 87  51  1.86606e-05 
 87  52  2.07222e-05 
 87  53  1.17071e-05 
 87  54  4.89846e-06 
 87  55  5.01958e-06 
 87  56  4.93077e-06 
 87  57  2.32515e-06 
 87  58  1.52635e-06 
 87  59  3.02128e-06 
 87  60  4.68696e-06 
 87  61  7.29067e-06 
 87  62  1.08108e-05 
 87  63  1.32563e-05 
 87  64  1.52296e-05 
 87  65  1.65172e-05 
 87  66  1.29826e-05 
 87  67  7.95098e-06 
 87  68  1.52381e-05 
 87  69  3.63397e-05 
 87  70  4.97207e-05 
 87  71  4.01748e-05 
 87  72  2.31589e-05 
 87  73  2.18113e-05 
 87  74  3.43818e-05 
 87  75  4.18272e-05 
 87  76  3.57979e-05 
 87  77  2.40948e-05 
 87  78  1.62363e-05 
 87  79  1.41016e-05 
 87  80  1.3444e-05 
 87  81  1.12825e-05 
 87  82  1.27544e-05 
 87  83  2.54667e-05 
 87  84  4.38198e-05 
 87  85  4.92234e-05 
 87  86  3.35726e-05 
 87  87  1.2645e-05 
 87  88  6.73969e-06 
 87  89  1.59704e-05 
 87  90  2.4198e-05 
 87  91  2.14015e-05 
 87  92  1.26682e-05 
 87  93  7.8019e-06 
 87  94  1.00423e-05 
 87  95  1.54687e-05 
 87  96  1.85167e-05 
 87  97  1.62884e-05 
 87  98  9.78337e-06 
 87  99  2.91367e-06 

# IsoCurve 13, 100 ponts
# x y z type
 86  0  7.63325e-06 
 86  1  2.30327e-05 
 86  2  3.24744e-05 
 86  3  2.98681e-05 
 86  4  1.92132e-05 
 86  5  8.36328e-06 
 86  6  3.79934e-06 
 86  7  7.95684e-06 
 86  8  1.83626e-05 
 86  9  2.93244e-05 
 86  10  3.49685e-05 
 86  11  3.32416e-05 
 86  12  2.9462e-05 
 86  13  3.17907e-05 
 86  14  3.91769e-05 
 86  15  4.03951e-05 
 86  16  3.07561e-05 
 86  17  2.0974e-05 
 86  18  2.16523e-05 
 86  19  2.81521e-05 
 86  20  2.95701e-05 
 86  21  2.44216e-05 
 86  22  1.89536e-05 
 86  23  1.61347e-05 
 86  24  1.33906e-05 
 86  25  8.63917e-06 
 86  26  4.97491e-06 
 86  27  8.13717e-06 
 86  28  1.74919e-05 
 86  29  2.28148e-05 
 86  30  1.67799e-05 
 86  31  6.63778e-06 
 86  32  3.94277e-06 
 86  33  7.74075e-06 
 86  34  9.07219e-06 
 86  35  6.17145e-06 
 86  36  3.72538e-06 
 86  37  3.18863e-06 
 86  38  3.4942e-06 
 86  39  5.13048e-06 
 86  40  7.53513e-06 
 86  41  9.16389e-06 
 86  42  1.13884e-05 
 86  43  1.48768e-05 
 86  44  1.5849e-05 
 86  45  1.3853e-05 
 86  46  1.47059e-05 
 86  47  1.81061e-05 
 86  48  1.58238e-05 
 86  49  9.29562e-06 
 86  50  1.10345e-05 
 86  51  2.17238e-05 
 86  52  2.66543e-05 
 86  53  2.08769e-05 
 86  54  1.59046e-05 
 86  55  1.70868e-05 
 86  56  1.64939e-05 
 86  57  1.11075e-05 
 86  58  7.58215e-06 
 86  59  7.97617e-06 
 86  60  7.8829e-06 
 86  61  6.92267e-06 
 86  62  7.8349e-06 
 86  63  9.72554e-06 
 86  64  1.1034e-05 
 86  65  1.19901e-05 
 86  66  1.04446e-05 
 86  67  5.89793e-06 
 86  68  6.88981e-06 
 86  69  1.96574e-05 
 86  70  3.2329e-05 
 86  71  2.81438e-05 
 86  72  1.17013e-05 
 86  73  3.82211e-06 
 86  74  1.21929e-05 
 86  75  2.4056e-05 
 86  76  2.71605e-05 
 86  77  2.32151e-05 
 86  78  1.95092e-05 
 86  79  1.79711e-05 
 86  80  1.56122e-05 
 86  81  1.14681e-05 
 86  82  1.06699e-05 
 86  83  1.96498e-05 
 86  84  3.57905e-05 
 86  85  4.63777e-05 
 86  86  4.30997e-05 
 86  87  3.35726e-05 
 86  88  3.15814e-05 
 86  89  3.86151e-05 
 86  90  4.24872e-05 
 86  91  3.36222e-05 
 86  92  1.6411e-05 
 86  93  3.44504e-06 
 86  94  2.71504e-06 
 86  95  1.17234e-05 
 86  96  2.11883e-05 
 86  97  2.28255e-05 
 86  98  1.53018e-05 
 86  99  4.81876e-06 

# IsoCurve 14, 100 ponts
# x y z type
 85  0  7.97034e-06 
 85  1  2.19922e-05 
 85  2  2.56165e-05 
 85  3  1.59307e-05 
 85  4  4.10013e-06 
 85  5  1.53074e-06 
 85  6  1.13996e-05 
 85  7  2.97002e-05 
 85  8  4.91023e-05 
 85  9  6.22247e-05 
 85  10  6.40487e-05 
 85  11  5.4686e-05 
 85  12  4.20164e-05 
 85  13  3.71464e-05 
 85  14  4.16429e-05 
 85  15  4.39202e-05 
 85  16  3.52464e-05 
 85  17  2.32749e-05 
 85  18  2.08099e-05 
 85  19  2.72977e-05 
 85  20  3.14496e-05 
 85  21  2.73881e-05 
 85  22  1.88853e-05 
 85  23  1.0846e-05 
 85  24  4.49868e-06 
 85  25  5.32017e-07 
 85  26  2.06214e-06 
 85  27  1.15319e-05 
 85  28  2.40871e-05 
 85  29  2.82472e-05 
 85  30  1.89655e-05 
 85  31  6.6153e-06 
 85  32  4.83159e-06 
 85  33  1.2882e-05 
 85  34  1.93103e-05 
 85  35  1.88348e-05 
 85  36  1.57142e-05 
 85  37  1.43776e-05 
 85  38  1.54403e-05 
 85  39  1.7659e-05 
 85  40  1.89692e-05 
 85  41  1.936e-05 
 85  42  2.22371e-05 
 85  43  2.711e-05 
 85  44  2.6451e-05 
 85  45  1.82833e-05 
 85  46  1.25209e-05 
 85  47  1.46578e-05 
 85  48  1.60209e-05 
 85  49  1.13002e-05 
 85  50  9.62981e-06 
 85  51  1.63131e-05 
 85  52  2.14775e-05 
 85  53  1.86605e-05 
 85  54  1.60708e-05 
 85  55  1.91344e-05 
 85  56  2.08013e-05 
 85  57  1.75543e-05 
 85  58  1.65371e-05 
 85  59  2.0546e-05 
 85  60  2.29424e-05 
 85  61  2.10015e-05 
 85  62  1.93596e-05 
 85  63  1.96095e-05 
 85  64  1.89951e-05 
 85  65  1.70939e-05 
 85  66  1.42416e-05 
 85  67  9.24331e-06 
 85  68  5.8231e-06 
 85  69  1.14717e-05 
 85  70  2.31341e-05 
 85  71  2.62513e-05 
 85  72  1.54197e-05 
 85  73  3.78472e-06 
 85  74  4.42876e-06 
 85  75  1.36562e-05 
 85  76  2.01322e-05 
 85  77  2.09084e-05 
 85  78  2.05045e-05 
 85  79  2.0574e-05 
 85  80  1.81569e-05 
 85  81  1.24125e-05 
 85  82  8.32553e-06 
 85  83  1.2338e-05 
 85  84  2.48633e-05 
 85  85  3.86346e-05 
 85  86  4.63777e-05 
 85  87  4.92234e-05 
 85  88  5.41585e-05 
 85  89  6.28811e-05 
 85  90  6.71288e-05 
 85  91  5.74861e-05 
 85  92  3.50403e-05 
 85  93  1.21529e-05 
 85  94  1.86062e-06 
 85  95  6.91872e-06 
 85  96  1.82602e-05 
 85  97  2.33946e-05 
 85  98  1.71592e-05 
 85  99  5.65165e-06 

# IsoCurve 15, 100 ponts
# x y z type
 84  0  1.09358e-05 
 84  1  2.97977e-05 
 84  2  3.37582e-05 
 84  3  2.01613e-05 
 84  4  6.54619e-06 
 84  5  8.25118e-06 
 84  6  2.53416e-05 
 84  7  4.78438e-05 
 84  8  6.57688e-05 
 84  9  7.36803e-05 
 84  10  6.99481e-05 
 84  11  5.59912e-05 
 84  12  3.86185e-05 
 84  13  2.89281e-05 
 84  14  3.1777e-05 
 84  15  3.82261e-05 
 84  16  3.61903e-05 
 84  17  2.65944e-05 
 84  18  2.04142e-05 
 84  19  2.1932e-05 
 84  20  2.44363e-05 
 84  21  2.16316e-05 
 84  22  1.48063e-05 
 84  23  8.42541e-06 
 84  24  5.10437e-06 
 84  25  6.22209e-06 
 84  26  1.33357e-05 
 84  27  2.57841e-05 
 84  28  3.68937e-05 
 84  29  3.66147e-05 
 84  30  2.29031e-05 
 84  31  8.23107e-06 
 84  32  7.61189e-06 
 84  33  2.09926e-05 
 84  34  3.46832e-05 
 84  35  3.87664e-05 
 84  36  3.53634e-05 
 84  37  3.11674e-05 
 84  38  2.93049e-05 
 84  39  2.84134e-05 
 84  40  2.5907e-05 
 84  41  2.28001e-05 
 84  42  2.37544e-05 
 84  43  2.81754e-05 
 84  44  2.67686e-05 
 84  45  1.54488e-05 
 84  46  5.2085e-06 
 84  47  6.61316e-06 
 84  48  1.32499e-05 
 84  49  1.37985e-05 
 84  50  1.03275e-05 
 84  51  1.0203e-05 
 84  52  1.09126e-05 
 84  53  7.72389e-06 
 84  54  5.38809e-06 
 84  55  8.76289e-06 
 84  56  1.3026e-05 
 84  57  1.42779e-05 
 84  58  1.75799e-05 
 84  59  2.5257e-05 
 84  60  3.01474e-05 
 84  61  2.81578e-05 
 84  62  2.50485e-05 
 84  63  2.52172e-05 
 84  64  2.5531e-05 
 84  65  2.34657e-05 
 84  66  2.04063e-05 
 84  67  1.62626e-05 
 84  68  1.11867e-05 
 84  69  1.0654e-05 
 84  70  1.80956e-05 
 84  71  2.57651e-05 
 84  72  2.39815e-05 
 84  73  1.60096e-05 
 84  74  1.29529e-05 
 84  75  1.70298e-05 
 84  76  2.04894e-05 
 84  77  1.91387e-05 
 84  78  1.70302e-05 
 84  79  1.75977e-05 
 84  80  1.80958e-05 
 84  81  1.49094e-05 
 84  82  9.74939e-06 
 84  83  8.23905e-06 
 84  84  1.39367e-05 
 84  85  2.48633e-05 
 84  86  3.57905e-05 
 84  87  4.38198e-05 
 84  88  5.0846e-05 
 84  89  5.92077e-05 
 84  90  6.56817e-05 
 84  91  6.26831e-05 
 84  92  4.70069e-05 
 84  93  2.59253e-05 
 84  94  1.23013e-05 
 84  95  1.2825e-05 
 84  96  2.15869e-05 
 84  97  2.59333e-05 
 84  98  1.89761e-05 
 84  99  6.28578e-06 

# IsoCurve 16, 100 ponts
# x y z type
 83  0  1.61534e-05 
 83  1  4.53876e-05 
 83  2  5.50616e-05 
 83  3  3.85898e-05 
 83  4  1.76352e-05 
 83  5  1.26796e-05 
 83  6  2.42758e-05 
 83  7  4.04556e-05 
 83  8  5.16793e-05 
 83  9  5.58109e-05 
 83  10  5.3328e-05 
 83  11  4.33024e-05 
 83  12  2.745e-05 
 83  13  1.50554e-05 
 83  14  1.59493e-05 
 83  15  2.74447e-05 
 83  16  3.57713e-05 
 83  17  3.25527e-05 
 83  18  2.2887e-05 
 83  19  1.54861e-05 
 83  20  1.2342e-05 
 83  21  1.08382e-05 
 83  22  9.77812e-06 
 83  23  9.8096e-06 
 83  24  1.13844e-05 
 83  25  1.48918e-05 
 83  26  2.11715e-05 
 83  27  2.97204e-05 
 83  28  3.6079e-05 
 83  29  3.34365e-05 
 83  30  2.06518e-05 
 83  31  7.99635e-06 
 83  32  9.03489e-06 
 83  33  2.50522e-05 
 83  34  4.2758e-05 
 83  35  4.92031e-05 
 83  36  4.39636e-05 
 83  37  3.52867e-05 
 83  38  2.95014e-05 
 83  39  2.66495e-05 
 83  40  2.3923e-05 
 83  41  2.1526e-05 
 83  42  2.32848e-05 
 83  43  2.90154e-05 
 83  44  3.03326e-05 
 83  45  2.16103e-05 
 83  46  1.16032e-05 
 83  47  1.3399e-05 
 83  48  2.52164e-05 
 83  49  3.31628e-05 
 83  50  3.08474e-05 
 83  51  2.36422e-05 
 83  52  1.60534e-05 
 83  53  8.24962e-06 
 83  54  3.1598e-06 
 83  55  4.55616e-06 
 83  56  9.82555e-06 
 83  57  1.43766e-05 
 83  58  1.91564e-05 
 83  59  2.52258e-05 
 83  60  2.73982e-05 
 83  61  2.23121e-05 
 83  62  1.59848e-05 
 83  63  1.50425e-05 
 83  64  1.73965e-05 
 83  65  1.83755e-05 
 83  66  1.82817e-05 
 83  67  1.7969e-05 
 83  68  1.52867e-05 
 83  69  1.1267e-05 
 83  70  1.15424e-05 
 83  71  1.70169e-05 
 83  72  2.12997e-05 
 83  73  2.11715e-05 
 83  74  2.11136e-05 
 83  75  2.36463e-05 
 83  76  2.37362e-05 
 83  77  1.77547e-05 
 83  78  1.09533e-05 
 83  79  1.04292e-05 
 83  80  1.51887e-05 
 83  81  1.81145e-05 
 83  82  1.5343e-05 
 83  83  1.00878e-05 
 83  84  8.23905e-06 
 83  85  1.2338e-05 
 83  86  1.96498e-05 
 83  87  2.54667e-05 
 83  88  2.82318e-05 
 83  89  3.05035e-05 
 83  90  3.40979e-05 
 83  91  3.60245e-05 
 83  92  3.18578e-05 
 83  93  2.28181e-05 
 83  94  1.64946e-05 
 83  95  1.87493e-05 
 83  96  2.61306e-05 
 83  97  2.85378e-05 
 83  98  2.01396e-05 
 83  99  6.58592e-06 

# IsoCurve 17, 100 ponts
# x y z type
 82  0  1.96674e-05 
 82  1  5.62781e-05 
 82  2  7.06108e-05 
 82  3  5.19344e-05 
 82  4  2.30121e-05 
 82  5  8.03282e-06 
 82  6  1.01363e-05 
 82  7  1.87859e-05 
 82  8  2.65933e-05 
 82  9  3.35723e-05 
 82  10  3.93387e-05 
 82  11  3.79482e-05 
 82  12  2.50513e-05 
 82  13  8.52699e-06 
 82  14  4.21912e-06 
 82  15  1.74391e-05 
 82  16  3.47597e-05 
 82  17  3.90097e-05 
 82  18  2.76921e-05 
 82  19  1.21646e-05 
 82  20  3.33228e-06 
 82  21  3.32498e-06 
 82  22  8.08852e-06 
 82  23  1.27751e-05 
 82  24  1.47814e-05 
 82  25  1.46064e-05 
 82  26  1.48919e-05 
 82  27  1.78225e-05 
 82  28  2.22031e-05 
 82  29  2.31359e-05 
 82  30  1.70737e-05 
 82  31  8.53509e-06 
 82  32  8.20629e-06 
 82  33  2.08201e-05 
 82  34  3.77294e-05 
 82  35  4.56885e-05 
 82  36  4.10069e-05 
 82  37  3.13077e-05 
 82  38  2.53234e-05 
 82  39  2.50101e-05 
 82  40  2.71972e-05 
 82  41  2.97873e-05 
 82  42  3.42146e-05 
 82  43  4.0977e-05 
 82  44  4.50206e-05 
 82  45  4.09542e-05 
 82  46  3.33363e-05 
 82  47  3.43021e-05 
 82  48  4.74662e-05 
 82  49  6.12884e-05 
 82  50  6.28922e-05 
 82  51  5.18373e-05 
 82  52  3.6179e-05 
 82  53  2.24454e-05 
 82  54  1.43614e-05 
 82  55  1.43168e-05 
 82  56  2.05796e-05 
 82  57  2.76785e-05 
 82  58  3.21863e-05 
 82  59  3.36166e-05 
 82  60  3.01298e-05 
 82  61  2.03874e-05 
 82  62  9.16451e-06 
 82  63  3.51283e-06 
 82  64  3.8145e-06 
 82  65  5.49931e-06 
 82  66  7.53626e-06 
 82  67  1.14893e-05 
 82  68  1.47165e-05 
 82  69  1.30863e-05 
 82  70  8.72607e-06 
 82  71  7.38031e-06 
 82  72  9.96331e-06 
 82  73  1.34894e-05 
 82  74  1.74151e-05 
 82  75  2.18588e-05 
 82  76  2.26112e-05 
 82  77  1.59409e-05 
 82  78  6.75879e-06 
 82  79  4.55875e-06 
 82  80  1.13311e-05 
 82  81  1.92217e-05 
 82  82  2.04723e-05 
 82  83  1.5343e-05 
 82  84  9.74939e-06 
 82  85  8.32553e-06 
 82  86  1.06699e-05 
 82  87  1.27544e-05 
 82  88  1.1441e-05 
 82  89  7.8066e-06 
 82  90  5.44737e-06 
 82  91  5.7494e-06 
 82  92  6.67353e-06 
 82  93  6.79072e-06 
 82  94  8.27098e-06 
 82  95  1.37022e-05 
 82  96  2.07805e-05 
 82  97  2.28476e-05 
 82  98  1.61121e-05 
 82  99  5.26927e-06 
